1000.0 0.833463208282311
1200.0 0.8268448576409064
1400.0 0.8130612244897959
1600.0 0.7783018867924528
1800.0 0.8036605657237936
2000.0 0.8085106382978723
250.0 0.8150252525252525
2500.0 0.7490196078431373
260.0 0.8110318168302111
270.0 0.8057020669992873
280.0 0.8050541516245487
300.0 0.8130011101517207
3000.0 0.7724137931034483
350.0 0.8124306326304107
4000.0 0.7272727272727273
450.0 0.824262567511425
5000.0 0.7419354838709677
550.0 0.8322919077374065
600.0 0.829440565053375
650.0 0.8306426332288401
700.0 0.8356552538370721
800.0 0.8352656168887351
