1000.0 0.8393175451998981
1200.0 0.823015873015873
1400.0 0.7977369165487977
1600.0 0.7884057971014493
1800.0 0.7608695652173914
2000.0 0.7972972972972973
250.0 0.8053423395762972
2500.0 0.7872340425531915
260.0 0.8109826589595376
270.0 0.8098092643051771
280.0 0.8017477500978218
300.0 0.8101398601398602
3000.0 0.5909090909090909
350.0 0.8186538104950862
4000.0 0.25
450.0 0.8278688524590164
5000.0 0.5
550.0 0.8266816300764537
600.0 0.8344413467724641
650.0 0.8328833102240385
700.0 0.8391744548286605
800.0 0.8421464602539572
