1000.0 0.9059550368972027
1200.0 0.905023835716905
1400.0 0.8802480916030534
1600.0 0.8771812080536913
1800.0 0.8791666666666667
2000.0 0.8574585635359117
250.0 0.9094117647058824
2500.0 0.8368336025848142
260.0 0.9145410943972095
270.0 0.9155446756425949
280.0 0.9096397273612463
300.0 0.9128702580980426
3000.0 0.825065274151436
350.0 0.8996336996336997
4000.0 0.7219251336898396
450.0 0.9023020156404891
5000.0 0.76
550.0 0.9088413479742522
600.0 0.9067628494138864
650.0 0.9044749667700487
700.0 0.9075502076095247
800.0 0.9085656016315432
