1000.0 0.8606256261827897
1200.0 0.8570598489250436
1400.0 0.8253061224489796
1600.0 0.8337264150943396
1800.0 0.8369384359400999
2000.0 0.8156028368794326
250.0 0.8349116161616161
2500.0 0.7568627450980392
260.0 0.8340767172167708
270.0 0.8300784034212402
280.0 0.8229658428214385
300.0 0.8339706426544962
3000.0 0.8482758620689655
350.0 0.8323075370800121
4000.0 0.6727272727272727
450.0 0.8444536767760698
5000.0 0.7741935483870968
550.0 0.856746123582504
600.0 0.8516734890440645
650.0 0.8572884012539185
700.0 0.8609996064541519
800.0 0.8585395397127531
