1000.0 0.9141925519135061
1200.0 0.9196919691969196
1400.0 0.8831106870229007
1600.0 0.8845637583892617
1800.0 0.8783333333333333
2000.0 0.8707182320441988
250.0 0.9188235294117647
2500.0 0.8368336025848142
260.0 0.9221713538260301
270.0 0.9222766217870257
280.0 0.9168451801363193
300.0 0.915122120214793
3000.0 0.8120104438642297
350.0 0.9095970695970697
4000.0 0.7005347593582888
450.0 0.9155193303227228
5000.0 0.65
550.0 0.9197273759939417
600.0 0.9160504959422904
650.0 0.9162605228178998
700.0 0.9179730531310906
800.0 0.920462270564242
