1000.0 0.8554876496052967
1200.0 0.8428571428571429
1400.0 0.8288543140028288
1600.0 0.8
1800.0 0.7913043478260869
2000.0 0.777027027027027
250.0 0.8260669327602088
2500.0 0.7872340425531915
260.0 0.828757225433526
270.0 0.8257493188010899
280.0 0.8273118560062606
300.0 0.8227272727272728
3000.0 0.6363636363636364
350.0 0.8382162061932135
4000.0 0.25
450.0 0.8482861400894188
5000.0 0.5
550.0 0.8534053447429333
600.0 0.8589606119093574
650.0 0.8623659052762169
700.0 0.8616043613707165
800.0 0.8639763437119499
