1000.0 0.9113388644867415
1200.0 0.8866866118175019
1400.0 0.863204559848005
1600.0 0.8369747899159664
1800.0 0.8567674113009198
2000.0 0.8614800759013282
250.0 0.9243205248359887
2500.0 0.7946127946127947
260.0 0.9156108597285068
270.0 0.9064625850340136
280.0 0.9075838414634146
300.0 0.9073465859982713
3000.0 0.7132352941176471
350.0 0.9024130115984536
4000.0 0.8
450.0 0.9009784735812133
5000.0 0.6415094339622641
550.0 0.9081432111424421
600.0 0.9072558213462608
650.0 0.9076164732071872
700.0 0.9150827713059473
800.0 0.9145253526496379
