1000.0 0.9232959167073369
1200.0 0.9042632759910246
1400.0 0.8771374287523749
1600.0 0.8436974789915966
1800.0 0.8383705650459922
2000.0 0.8652751423149905
250.0 0.9271321462043112
2500.0 0.8148148148148148
260.0 0.9214932126696832
270.0 0.9134778911564626
280.0 0.9140625
300.0 0.9139152981849611
3000.0 0.75
350.0 0.9092121050526596
4000.0 0.8142857142857143
450.0 0.910371819960861
5000.0 0.5660377358490566
550.0 0.9222421601298812
600.0 0.921560836048637
650.0 0.9158053744633488
700.0 0.9218270999386879
800.0 0.9248189096454441
